150
159 522
902 60
281 654
295 282
492 993
953 794
772 304
435 873
868 851
991 718
42 602
395 424
346 891
617 174
814 689
101 749
863 360
707 180
602 37
907 611
882 259
114 634
342 376
262 910
126 534
213 606
415 461
107 140
145 29
326 134
298 730
799 452
713 496
496 837
616 102
996 282
927 415
447 68
665 331
748 257
125 588
989 705
212 372
98 759
97 156
905 754
986 175
830 420
490 310
447 146
304 548
623 778
759 945
101 427
299 140
320 862
573 738
481 506
67 835
29 245
695 147
494 678
82 918
533 463
301 325
637 129
852 421
551 815
264 974
838 725
455 657
438 585
73 547
590 87
90 566
775 834
847 783
288 766
751 226
712 427
559 305
487 444
66 692
72 102
420 274
535 436
249 101
523 391
654 772
705 26
307 906
789 291
292 211
37 86
459 15
36 12
268 783
95 840
597 357
887 306
703 160
84 861
885 276
923 795
744 984
476 376
92 337
242 987
507 548
263 929
580 577
500 652
984 123
218 913
137 963
88 703
846 677
737 251
783 802
449 617
266 180
164 836
624 496
75 335
304 750
676 788
901 68
132 545
310 776
188 803
970 540
309 794
541 428
506 628
516 19
417 341
185 139
765 852
163 940
827 985
622 212
414 891
282 340
297 206
307 315
305 385
764 379
117 245
320 753
130 714