1000
4 379
664 290
853 859
780 768
792 991
988 895
425 337
57 488
748 886
692 109
26 676
902 222
214 325
833 971
819 762
825 569
420 475
645 442
463 914
925 253
287 591
775 20
532 30
689 324
977 285
309 672
114 209
732 526
832 249
640 947
603 10
203 746
739 257
917 407
122 959
974 354
697 438
977 711
902 42
112 11
375 419
330 729
502 895
110 402
640 572
490 602
907 643
133 855
620 312
941 605
691 566
909 477
235 823
471 332
738 177
402 207
305 221
952 580
776 185
319 556
802 876
234 589
840 657
203 972
388 205
527 752
940 907
549 417
313 391
709 262
108 784
810 334
484 430
787 791
614 426
883 971
481 133
691 160
620 265
225 414
983 419
136 803
483 114
75 82
431 738
111 691
352 465
492 60
491 227
375 524
306 424
55 672
586 546
658 599
573 893
516 952
272 951
940 195
107 552
946 597
56 243
728 285
122 937
269 163
644 663
600 200
850 414
447 921
840 424
635 461
438 762
360 358
508 277
350 444
80 655
231 965
929 494
262 201
950 21
312 289
776 143
442 31
433 743
150 569
416 426
451 823
419 749
367 188
679 616
908 466
510 740
93 766
541 704
164 98
465 647
33 961
798 406
800 341
724 745
240 196
246 253
492 209
368 640
303 63
524 869
337 609
841 971
872 820
209 181
261 198
358 836
253 135
984 153
544 765
965 663
993 295
77 188
59 543
297 401
692 242
632 959
608 868
829 889
621 124
969 920
726 103
944 153
639 240
675 227
740 237
113 589
670 581
434 660
803 229
730 50
721 417
847 386
175 56
879 912
159 753
952 254
604 794
717 72
4 767
322 385
410 143
301 639
659 890
209 897
994 862
736 497
210 785
924 948
616 153
98 589
363 151
291 194
569 370
657 311
223 224
866 622
644 679
116 489
651 666
397 134
923 479
150 520
652 221
36 606
936 315
954 341
620 275
318 905
82 333
478 161
141 344
575 495
527 619
26 911
362 514
340 735
81 716
664 989
834 625
818 831
500 9
875 130
39 528
68 982
107 669
121 745
912 74
764 0
903 973
915 909
341 269
583 513
890 465
274 594
665 778
732 8
150 568
225 282
302 794
898 214
888 407
751 989
391 402
135 36
240 483
355 263
375 967
717 16
784 609
240 693
100 826
556 880
971 460
984 743
40 21
700 92
813 935
347 79
75 908
57 672
454 182
455 913
340 573
768 87
800 665
294 497
215 767
142 736
286 921
269 567
542 494
877 861
982 305
177 69
923 37
777 623
885 965
737 751
425 529
868 26
335 37
121 889
215 612
767 583
597 827
571 356
182 120
570 852
806 8
141 730
72 207
137 309
657 51
487 181
369 962
543 319
399 881
379 539
920 902
739 895
107 757
470 932
348 591
399 286
371 33
291 546
320 353
349 127
414 915
884 287
81 177
259 31
181 289
466 762
556 960
678 564
188 4
306 850
667 504
47 135
767 336
760 608
974 772
291 353
87 426
364 513
692 396
604 64
621 80
481 314
145 734
683 923
379 476
859 897
47 37
959 41
304 945
974 2
343 286
541 966
818 380
251 783
918 782
968 718
290 507
676 118
243 28
527 360
29 193
861 39
357 853
451 643
464 240
283 387
606 242
415 403
241 652
22 77
452 475
360 588
178 622
240 628
461 431
45 774
583 734
812 95
32 361
654 719
668 48
402 479
840 876
279 171
57 752
839 320
842 151
227 543
480 965
39 359
867 578
298 401
987 761
757 813
212 31
989 578
376 734
791 674
792 529
439 747
558 874
188 34
682 823
507 787
703 339
503 171
642 761
2 406
158 4
235 620
398 489
932 367
472 342
150 216
978 508
83 799
69 527
848 760
18 166
277 298
781 894
771 76
781 873
433 673
972 36
250 530
97 830
86 282
512 676
971 509
347 513
913 225
303 547
839 255
222 441
701 843
676 768
279 622
648 397
178 605
497 636
134 130
754 7
72 112
956 659
787 789
630 708
290 528
923 329
653 449
377 234
318 224
705 990
543 29
112 33
265 167
921 50
355 96
740 682
550 437
799 704
417 364
24 2
501 990
652 566
47 771
439 207
13 517
984 811
263 733
808 369
772 834
256 248
462 72
388 618
523 996
247 175
800 30
724 918
172 303
310 142
935 298
13 603
301 215
790 69
515 90
469 594
213 715
737 619
617 70
253 171
780 586
727 212
294 407
622 196
860 192
805 717
739 80
30 411
132 330
677 854
320 784
674 847
81 229
170 663
626 14
603 874
444 10
410 131
550 691
563 465
745 941
108 103
533 955
918 346
708 649
865 43
817 691
484 852
443 381
389 983
196 676
731 570
296 153
613 167
693 734
54 288
838 161
600 511
243 61
266 780
529 136
160 544
242 672
678 117
984 686
544 64
803 940
656 351
572 866
461 461
245 132
300 101
656 408
750 723
753 772
566 845
400 412
301 752
215 833
44 191
292 301
29 638
923 34
894 230
292 90
20 257
652 458
688 580
642 320
104 813
409 755
917 130
653 913
555 728
292 891
755 893
106 973
945 117
328 458
674 665
235 213
703 991
549 570
430 562
874 906
27 689
984 149
699 549
691 666
984 468
69 410
254 252
351 603
968 393
807 992
456 238
574 774
602 482
628 57
827 26
105 244
691 317
27 752
316 573
512 324
886 712
551 267
233 766
127 51
518 349
835 217
659 825
152 817
865 239
789 531
34 224
398 266
516 971
541 327
149 395
317 346
91 848
772 808
305 137
301 832
623 263
967 239
343 748
886 475
583 530
812 53
992 521
731 999
162 832
833 853
874 341
985 33
313 479
930 886
634 688
302 894
503 393
705 343
688 309
812 960
554 199
797 281
856 784
717 856
969 848
454 792
157 918
270 636
653 315
284 586
150 0
342 986
962 223
964 549
891 639
789 379
549 842
421 476
463 561
135 16
5 991
997 283
557 874
697 336
627 310
694 118
28 251
768 752
611 191
205 38
340 711
854 256
627 910
478 451
72 496
807 564
857 80
187 66
603 318
709 112
631 132
340 360
845 183
441 123
624 115
150 188
838 783
747 988
737 752
430 312
847 714
566 720
331 409
53 577
573 709
95 297
477 531
243 722
663 288
181 143
891 416
293 780
421 173
976 707
468 356
584 345
728 682
355 527
941 876
501 227
263 691
971 391
177 669
925 257
565 928
239 570
250 626
637 867
741 237
592 208
198 846
41 904
985 452
520 469
964 869
809 158
91 148
444 21
38 423
568 986
852 733
492 829
519 853
337 451
155 321
375 752
476 626
459 691
451 84
178 471
988 122
44 765
160 509
839 631
474 293
191 272
311 338
176 943
311 372
120 82
803 863
675 630
722 571
995 573
100 151
436 9
554 605
514 108
335 625
488 850
951 979
862 718
67 404
766 97
782 285
755 714
208 522
246 199
932 278
878 361
407 904
435 790
816 291
448 743
942 492
842 826
419 756
105 354
43 205
515 298
728 946
559 137
110 871
508 86
526 359
167 381
585 44
843 586
483 712
584 378
185 195
210 762
576 38
333 151
356 275
778 907
809 760
193 609
634 880
43 48
899 329
378 820
77 685
463 650
182 440
632 417
115 152
996 366
803 323
308 72
728 266
56 323
173 338
643 712
279 499
205 169
897 66
995 393
808 393
116 338
807 255
242 216
744 426
27 499
752 927
452 811
966 84
417 892
264 950
51 464
729 436
94 651
915 444
974 850
101 59
166 485
417 584
132 876
589 194
628 917
947 920
528 699
135 439
577 202
157 406
532 63
821 381
828 901
108 732
656 914
944 624
264 120
399 744
721 559
173 366
779 87
232 368
652 308
825 246
939 730
10 239
378 368
806 332
753 601
529 94
203 533
630 275
967 38
23 635
990 534
444 585
539 102
227 500
908 633
816 910
716 96
865 652
554 414
425 108
305 27
535 381
269 862
498 376
751 68
947 588
133 93
671 311
633 493
560 584
228 912
47 817
63 31
279 315
734 143
921 729
178 472
8 631
721 555
888 115
139 381
480 841
732 600
545 132
57 553
826 312
657 612
426 597
649 771
361 446
828 630
34 64
774 676
801 958
595 543
957 697
104 14
683 636
845 68
543 133
958 261
383 496
269 225
990 942
294 529
809 618
799 647
473 556
905 890
102 511
871 254
701 789
170 378
438 954
846 99
180 269
725 774
329 787
494 419
718 654
394 613
948 515
619 725
306 169
552 7
315 709
417 492
195 979
676 166
206 390
122 122
301 97
754 352
862 598
495 694
830 747
840 34
534 221
764 86
351 4
567 742
572 950
110 101
635 431
267 821
335 142
701 398
261 619
72 958
464 637
772 158
203 520
5 781
259 875
950 533
271 887
554 403
292 244
65 829
297 382
371 940
276 196
676 737
904 545
348 300
340 867
601 991
504 449
164 209
198 98
117 974
523 937
228 12
489 676
749 680
650 171
311 887
659 333
673 521
27 198
289 839
758 214
859 493
562 187
818 635
733 78
134 277
857 91
658 354
821 90
264 874
90 538