500
201 531
992 853
919 650
663 950
95 837
794 271
25 864
984 997
200 640
856 598
294 787
786 655
52 787
574 510
691 725
888 260
242 576
551 874
604 657
169 996
533 483
317 91
625 52
556 229
937 419
236 559
235 382
115 986
52 784
964 187
765 662
241 965
535 747
238 801
837 57
293 621
789 104
156 11
362 324
135 456
937 30
114 405
5 389
856 570
689 685
961 22
858 517
923 988
231 686
656 903
493 288
536 21
67 7
883 410
151 874
413 668
668 92
470 323
369 403
533 547
798 766
105 658
421 12
203 204
51 487
115 463
626 944
93 992
804 972
175 60
822 395
987 675
799 473
204 790
675 6
902 49
240 672
247 852
236 320
59 883
489 522
273 246
167 525
952 891
52 899
972 318
330 875
923 138
917 18
567 370
383 424
392 825
282 94
71 479
34 621
9 388
276 945
102 847
23 237
181 672
958 641
510 996
534 614
603 886
922 521
972 482
249 334
558 445
105 156
919 560
58 30
944 867
385 234
655 575
111 482
904 244
574 968
400 49
952 983
486 1
379 876
958 314
61 99
748 258
192 958
513 474
753 705
516 84
251 928
680 849
300 713
454 603
704 799
991 537
234 459
264 337
188 575
131 943
734 797
318 108
675 105
178 826
500 608
113 532
287 352
397 314
528 382
169 873
730 719
127 625
681 46
886 849
567 620
68 765
778 734
168 207
919 632
717 276
645 344
436 741
912 413
993 821
840 837
7 75
933 126
371 629
369 972
554 524
67 393
152 671
243 699
366 720
759 104
727 370
249 764
439 636
170 971
537 127
944 970
275 19
639 551
96 864
606 721
362 672
529 737
657 538
47 648
317 793
687 35
276 403
404 698
992 157
978 766
944 108
331 920
233 414
315 710
977 895
524 392
488 744
735 1
412 513
648 937
143 823
636 263
663 617
802 340
658 500
491 139
715 447
983 420
173 392
78 983
411 821
535 454
554 983
296 76
132 265
987 881
26 238
2 455
957 440
527 415
25 517
514 956
742 84
223 898
660 118
219 671
282 839
515 303
259 851
41 374
614 733
260 566
753 683
787 808
90 198
559 111
865 85
378 576
164 784
863 869
64 298
78 385
946 912
724 439
48 975
133 875
310 730
936 977
520 72
414 588
601 884
37 727
654 982
751 8
2 575
442 851
279 186
940 754
30 829
933 337
651 583
793 927
352 859
496 689
355 939
700 217
535 440
647 45
109 741
382 178
148 844
573 798
4 480
32 724
43 186
404 882
953 703
104 415
311 765
611 625
439 702
739 83
223 846
647 867
672 303
714 737
582 68
917 11
211 666
87 477
36 473
659 606
903 898
958 622
463 572
844 612
990 935
311 524
39 233
546 878
949 286
88 913
963 194
556 733
256 66
116 529
598 321
519 81
520 774
552 929
790 595
791 319
702 792
650 106
625 782
253 209
271 184
867 271
855 251
175 106
799 166
988 202
437 724
285 175
360 70
370 979
366 374
55 142
554 903
523 744
97 912
626 954
746 111
743 149
200 666
818 516
909 648
626 294
996 782
599 459
539 710
846 664
604 962
594 365
710 310
771 715
372 260
862 107
666 73
673 74
24 108
801 896
917 870
602 752
312 132
154 370
749 554
98 300
235 363
66 567
798 171
696 350
870 133
405 273
635 840
692 135
739 500
968 826
218 643
113 84
605 178
906 928
483 454
922 731
680 764
388 418
623 729
446 189
291 216
27 448
706 754
309 938
863 631
42 990
770 634
994 359
462 75
667 25
359 254
392 626
567 609
941 896
75 467
287 356
358 936
508 803
234 969
479 686
374 512
269 567
640 897
9 116
296 348
784 992
143 206
611 996
691 832
551 421
496 951
954 687
508 306
243 72
151 851
102 71
148 628
204 498
737 419
235 815
207 536
31 610
494 515
172 374
777 274
855 895
513 600
48 491
728 554
454 705
549 234
863 601
975 470
146 923
55 932
180 716
710 900
691 636
832 815
361 986
860 445
249 808
922 338
47 355
584 578
559 803
328 4
774 377
753 75
20 142
48 559
238 832
930 859
95 119
177 615
142 110
642 701
512 157
991 641
899 996
317 129
84 466
860 836
637 826
110 791
655 567
918 314
71 254
599 362
360 306
494 431
334 718
461 349
674 426
804 48
511 96
270 57
95 449
126 550
290 721
428 101
285 321
687 136
539 723
464 356
683 207
729 883
53 484
777 2
658 427
86 429
359 373
485 871
581 709
400 333
225 392
460 978
331 593
14 781